SetDesc: 'Set generated with APFEL++. Name: TQ4Q11_cs_T4c-2pp_nlo'
Authors: F. G. Celiberto
Reference: arXiv:2507.09744
Format: lhagrid1
DataVersion: 1
Particle: 0000
FlavorScheme: variable
ErrorType: replicas
SetIndex: 0000000
SetType: fragfn
K_mR_Vals: [ 1.000000  0.500000  2.000000 ]
K_mF_Vals: [ 1.000000  0.500000  2.000000 ]
NumMembers: 2
Flavors: [-5, -4, -3, -2, -1, 21, 1, 2, 3, 4, 5]
OrderQCD: 1
NumFlavors: 5
XMin: 0.000100
XMax: 1
QMin: 8.000000
QMax: 1000.000000
MZ: 91.187600
MUp: 0.000000
MDown: 0.000000
MStrange: 0.000000
MCharm: 1.500000
MBottom: 4.900000
ThresholdUp: 0.000000
ThresholdDown: 0.000000
ThresholdStrange: 0.000000
ThresholdCharm: 7.500000
ThresholdBottom: 7.700000
AlphaS_MZ: 0.118000
AlphaS_OrderQCD: 1
AlphaS_Type: ipol
AlphaS_Qs: [8.000000, 8.514016, 9.071202, 9.675867, 10.332812, 11.047391, 11.825588, 12.674095, 13.600407, 14.612930, 15.721104, 16.935544, 18.268208, 19.732578, 21.343882, 23.119345, 25.078476, 27.243413, 29.639304, 32.294773, 35.242446, 38.519570, 42.168744, 46.238763, 50.785618, 55.873669, 61.577026, 67.981177, 75.184919, 83.302637, 92.467015, 102.832259, 114.577939, 127.913569, 143.084101, 160.376497, 180.127645, 202.733872, 228.662443, 258.465465, 292.796741, 332.432263, 378.295165, 431.486204, 493.321061, 565.376124, 649.544807, 748.107010, 863.815017, 1000.000000, 1000.000000]
AlphaS_Vals: [0.187627, 0.184796, 0.182003, 0.179248, 0.176531, 0.173851, 0.171207, 0.168600, 0.166029, 0.163493, 0.160993, 0.158527, 0.156095, 0.153698, 0.151334, 0.149003, 0.146704, 0.144438, 0.142204, 0.140002, 0.137831, 0.135690, 0.133580, 0.131500, 0.129450, 0.127429, 0.125437, 0.123474, 0.121539, 0.119632, 0.117753, 0.115900, 0.114075, 0.112276, 0.110504, 0.108757, 0.107036, 0.105340, 0.103669, 0.102023, 0.100401, 0.098802, 0.097228, 0.095677, 0.094149, 0.092643, 0.091161, 0.089700, 0.088261, 0.086844, 0.086844]
