SetDesc: 'Set generated with APFEL++. Name: TQ4Q11_cs_T4b-2pp_nlo'
Authors: F. G. Celiberto
Reference: arXiv:2507.09744
Format: lhagrid1
DataVersion: 1
Particle: 0000
FlavorScheme: variable
ErrorType: replicas
SetIndex: 0000000
SetType: fragfn
K_mR_Vals: [ 1.000000  0.500000  2.000000 ]
K_mF_Vals: [ 1.000000  0.500000  2.000000 ]
NumMembers: 2
Flavors: [-5, -4, -3, -2, -1, 21, 1, 2, 3, 4, 5]
OrderQCD: 1
NumFlavors: 5
XMin: 0.000100
XMax: 1
QMin: 25.000000
QMax: 1000.000000
MZ: 91.187600
MUp: 0.000000
MDown: 0.000000
MStrange: 0.000000
MCharm: 1.500000
MBottom: 4.900000
ThresholdUp: 0.000000
ThresholdDown: 0.000000
ThresholdStrange: 0.000000
ThresholdCharm: 24.300000
ThresholdBottom: 24.500000
AlphaS_MZ: 0.118000
AlphaS_OrderQCD: 1
AlphaS_Type: ipol
AlphaS_Qs: [25.000000, 26.430136, 27.960867, 29.600377, 31.357596, 33.242283, 35.265099, 37.437710, 39.772883, 42.284608, 44.988219, 47.900543, 51.040057, 54.427063, 58.083894, 62.035129, 66.307845, 70.931896, 75.940225, 81.369213, 87.259074, 93.654297, 100.604145, 108.163211, 116.392056, 125.357919, 135.135520, 145.807973, 157.467814, 170.218170, 184.174075, 199.463978, 216.231444, 234.637091, 254.860802, 277.104234, 301.593694, 328.583410, 358.359280, 391.243158, 427.597772, 467.832350, 512.409104, 561.850657, 616.748620, 677.773452, 745.685853, 821.349912, 905.748323, 1000.000000, 1000.000000]
AlphaS_Vals: [0.146792, 0.145259, 0.143742, 0.142239, 0.140750, 0.139275, 0.137815, 0.136369, 0.134936, 0.133517, 0.132112, 0.130721, 0.129343, 0.127978, 0.126627, 0.125288, 0.123963, 0.122650, 0.121350, 0.120063, 0.118789, 0.117527, 0.116277, 0.115040, 0.113815, 0.112602, 0.111400, 0.110211, 0.109033, 0.107867, 0.106713, 0.105570, 0.104438, 0.103318, 0.102209, 0.101110, 0.100023, 0.098947, 0.097881, 0.096826, 0.095782, 0.094748, 0.093725, 0.092711, 0.091708, 0.090716, 0.089733, 0.088760, 0.087797, 0.086844, 0.086844]
