SetDesc: 'Set generated with APFEL++. Name: PQ5Q10_cs_P5c_nlo'
Authors: F. G. Celiberto
Reference: arXiv:xxxx.xxxxx
Format: lhagrid1
DataVersion: 1
Particle: 0000
FlavorScheme: variable
ErrorType: replicas
SetIndex: 0000000
SetType: fragfn
Replica 0: Direct production
Replica 1: Scalar-diquark production
NumMembers: 2
Flavors: [-5, -4, -3, -2, -1, 21, 1, 2, 3, 4, 5]
OrderQCD: 1
NumFlavors: 5
XMin: 0.000100
XMax: 1
QMin: 11.000000
QMax: 1000.000000
MZ: 91.187600
MUp: 0.000000
MDown: 0.000000
MStrange: 0.000000
MCharm: 1.500000
MBottom: 4.900000
ThresholdUp: 0.000000
ThresholdDown: 0.000000
ThresholdStrange: 0.000000
ThresholdCharm: 10.500000
ThresholdBottom: 10.700000
AlphaS_MZ: 0.118000
AlphaS_OrderQCD: 1
AlphaS_Type: ipol
AlphaS_Qs: [11.000000, 11.692934, 12.441783, 13.251863, 14.129067, 15.079933, 16.111722, 17.232509, 18.451283, 19.778062, 21.224023, 22.801657, 24.524930, 26.409485, 28.472864, 30.734757, 33.217301, 35.945415, 38.947182, 42.254298, 45.902584, 49.932578, 54.390223, 59.327657, 64.804139, 70.887117, 77.653477, 85.190992, 93.600017, 102.995479, 113.509190, 125.292577, 138.519884, 153.391936, 170.140591, 189.033982, 210.382733, 234.547328, 261.946849, 293.069397, 328.484489, 368.857888, 414.969337, 467.733830, 528.227168, 597.716724, 677.698571, 769.942351, 876.545647, 1000.000000, 1000.000000]
AlphaS_Vals: [0.174020, 0.171639, 0.169288, 0.166966, 0.164672, 0.162407, 0.160171, 0.157962, 0.155781, 0.153627, 0.151501, 0.149401, 0.147328, 0.145281, 0.143260, 0.141264, 0.139294, 0.137349, 0.135429, 0.133534, 0.131663, 0.129816, 0.127992, 0.126192, 0.124416, 0.122662, 0.120932, 0.119223, 0.117537, 0.115873, 0.114231, 0.112610, 0.111010, 0.109432, 0.107874, 0.106337, 0.104820, 0.103323, 0.101846, 0.100389, 0.098951, 0.097532, 0.096132, 0.094750, 0.093388, 0.092043, 0.090717, 0.089408, 0.088117, 0.086844, 0.086844]
